           0.06570           0.10721           0.04377
           0.02250           0.03598           0.01487
           0.01617           0.02390           0.01034
           0.01944           0.02417           0.01150
           0.03385           0.03564           0.01843
           0.01022           0.01395           0.00634
 *** Error on w, with  Om0, ob0, ok0 and  H0 marginalized over ***
 The Fisher Matrix = [   0.0000000       0.0000000       0.0000000       0.0000000       0.0000000       0.0000000       0.0000000     ;   0.0000000       496.45230300139877        54.683541078665186        52.682595579687636        598.40979444450625        1075.1550399489527        5008.3981102009629      ;   0.0000000       54.683541078665186        6.4177047541965626        5.9677973660423582        67.286727401383743        121.79178616568399        513.11450216447179      ;   0.0000000       52.682595579687636        5.9677973660423582        5.6602606826475563        64.076061895612412        115.51552715674876        516.12362148325360      ;   0.0000000       598.40979444450625        67.286727401383743        64.076061895612412        726.89699482210290        1307.6747667632130        5900.9260617910295      ;   0.0000000       1075.1550399489527        121.79178616568399        115.51552715674876        1307.6747667632130        2357.4597995476156        10533.135407785003      ;   0.0000000       5008.3981102009629        513.11450216447179        516.12362148325360        5900.9260617910295        10533.135407785003        55484.242319764358      ]
 Figure of Merit  =  3.02482412352984911E-002
            Err[w] =  3.03033
           Err[wa] = 29.78993
         Err[wa_w] = 84.00182
      Err[ Omega_m]=      NaN
 Err[ Omega_b]=  2.40839212835139340E-003
     Err[Omega_m_w]= -2.47698
       Err[Omega_k]=      NaN
     Err[Omega_k_w]=*********
          Err[H_0] =  1.11530
