           0.06548           0.10702           0.04365
           0.02173           0.03534           0.01446
           0.01352           0.02169           0.00895
           0.01061           0.01656           0.00694
           0.00941           0.01399           0.00603
           0.00598           0.00921           0.00389
 *** Error on w, with  Om0, ob0, ok0 and  H0 marginalized over ***
 The Fisher Matrix = [   0.0000000       0.0000000       0.0000000       0.0000000       0.0000000       0.0000000       0.0000000     ;   0.0000000       1613.0256572841599        197.73647503928302        180.25695159667174        1975.1119841577404        3678.7133941008665        14942.564128445974      ;   0.0000000       197.73647503928302        25.288782561735218        22.557691651307202        246.33307044190624        460.36106614816003        1745.5561371360905      ;   0.0000000       180.25695159667174        22.557691651307202        20.347581490920209        222.56757232244786        415.25677598105528        1633.3131357707966      ;   0.0000000       1975.1119841577404        246.33307044190624        222.56757232244786        2439.4279407986619        4542.1954723116478        17945.079167118805      ;   0.0000000       3678.7133941008665        460.36106614816003        415.25677598105528        4542.1954723116478        8474.6283028834750        33332.922009937378      ;   0.0000000       14942.564128445974        1745.5561371360905        1633.3131357707966        17945.079167118805        33332.922009937378        147128.17551130749      ]
 Figure of Merit  =  5.88842509944133147E-002
            Err[w] =  2.02625
           Err[wa] = 23.53972
         Err[wa_w] = 44.57164
      Err[ Omega_m]=*********
 Err[ Omega_b]=  2.22988189682705963E-003
     Err[Omega_m_w]= -1.36611
       Err[Omega_k]=*********
     Err[Omega_k_w]=*********
          Err[H_0] =  0.49965
