           0.06551           0.10704           0.04366
           0.02179           0.03538           0.01449
           0.01365           0.02176           0.00901
           0.01074           0.01664           0.00700
           0.00951           0.01405           0.00608
 *** Error on w, with  Om0, ob0, ok0 and  H0 marginalized over ***
 The Fisher Matrix = [   0.0000000       0.0000000       0.0000000       0.0000000       0.0000000       0.0000000       0.0000000     ;   0.0000000       1591.0746809227123        195.18624582935735        177.86516974505392        1949.2959000824685        3629.9015183014735        14726.377166320384      ;   0.0000000       195.18624582935735        24.981493995009444        22.274999729674064        243.28792575146593        454.59184310680507        1721.3640273765257      ;   0.0000000       177.86516974505392        22.274999729674064        20.084851116573063        219.73456839513341        409.89493146639518        1610.1524470652873      ;   0.0000000       1949.2959000824685        243.28792575146593        219.73456839513341        2408.8226760491002        4484.3790641196856        17694.708931433957      ;   0.0000000       3629.9015183014735        454.59184310680507        409.89493146639518        4484.3790641196856        8365.2029017632958        32860.254881136723      ;   0.0000000       14726.377166320384        1721.3640273765257        1610.1524470652873        17694.708931433957        32860.254881136723        144912.57739104892      ]
 Figure of Merit  =  5.85197593744543193E-002
            Err[w] =  2.03317
           Err[wa] = 23.59680
         Err[wa_w] = 44.82977
      Err[ Omega_m]=      NaN
 Err[ Omega_b]=  2.23323729024418579E-003
     Err[Omega_m_w]= -3.00464
       Err[Omega_k]=      NaN
     Err[Omega_k_w]=-23.94846
          Err[H_0] =  0.50364
