           0.06569           0.10719           0.04376
           0.02218           0.03570           0.01469
           0.01465           0.02262           0.00954
           0.01385           0.01930           0.00863
           0.01842           0.02181           0.01064
 === combined ===
 Vsur =   1124920324.2259192       h^-3 Mpc^3
 N(z)=   1375491944599.8828     
           0.00814           0.01144           0.00510
 *** Error on w, with  Om0, ob0, ok0 and  H0 marginalized over ***
 The Fisher Matrix = [   0.0000000       0.0000000       0.0000000       0.0000000       0.0000000       0.0000000       0.0000000     ;   0.0000000       858.70114762621677        100.59854341967851        93.805049373960188        1047.6124058104251        1914.3888128010035        8237.0361244580017      ;   0.0000000       100.59854341967851        12.436281375149720        11.269412649187904        125.13255224907626        229.98801926362285        907.42288832978306      ;   0.0000000       93.805049373960188        11.269412649187904        10.368868184109184        115.47483935536181        211.60956031197563        876.10081715328533      ;   0.0000000       1047.6124058104251        125.13255224907626        115.47483935536181        1288.6890762148944        2356.6294362322878        9833.4843614576657      ;   0.0000000       1914.3888128010035        229.98801926362285        211.60956031197563        2356.6294362322878        4318.5625682900609        17879.608980938810      ;   0.0000000       8237.0361244580017        907.42288832978306        876.10081715328533        9833.4843614576657        17879.608980938810        85507.029945342700      ]
 Figure of Merit  =  4.40244182404214424E-002
            Err[w] =  2.39713
           Err[wa] = 25.85548
         Err[wa_w] = 57.66648
      Err[ Omega_m]=*********
 Err[ Omega_b]=  2.30275351674691549E-003
     Err[Omega_m_w]=  0.95242
       Err[Omega_k]=*********
     Err[Omega_k_w]=*********
          Err[H_0] =  0.76275
