 === combined ===
 Vsur =   1153834043.7722380       h^-3 Mpc^3
 N(z)=   370975.67107396183     
 *** Error on w, with  Om0, ob0, ok0 and  H0 marginalized over ***
 The Fisher Matrix = [   0.0000000       0.0000000       0.0000000       0.0000000       0.0000000       0.0000000       0.0000000     ;   0.0000000       1104.3881617860693        137.68373308184479        124.48619581612725        1359.4838109623236        2540.5346749351447        10072.694387634227      ;   0.0000000       137.68373308184479        17.872065923534450        15.832716638872082        172.37883910573640        323.11667454991954        1199.3647071562762      ;   0.0000000       124.48619581612725        15.832716638872082        14.171686236854301        154.52006252975264        289.21809403035201        1111.2941423814993      ;   0.0000000       1359.4838109623236        172.37883910573640        154.52006252975264        1688.2073167893507        3153.4707463454074        12164.231370598893      ;   0.0000000       2540.5346749351447        323.11667454991954        289.21809403035201        3153.4707463454074        5902.4102366181614        22679.472886637566      ;   0.0000000       10072.694387634227        1199.3647071562762        1111.2941423814993        12164.231370598893        22679.472886637566        97430.023576406049      ]
 Figure of Merit  =  4.05915602738124645E-002
            Err[w] =  2.41315
           Err[wa] = 28.29546
         Err[wa_w] = 63.68210
      Err[ Omega_m]=*********
 Err[ Omega_b]=  2.70712976669846769E-003
     Err[Omega_m_w]=-40.39282
       Err[Omega_k]=*********
     Err[Omega_k_w]=286.66149
          Err[H_0] =  0.59397
