           0.00567           0.00924           0.00377
           0.00413           0.00672           0.00275
           0.00321           0.00520           0.00213
           0.00272           0.00440           0.00181
           0.00236           0.00380           0.00157
           0.00216           0.00346           0.00143
           0.00204           0.00324           0.00135
           0.00193           0.00303           0.00127
           0.00191           0.00296           0.00125
           0.00192           0.00293           0.00124
           0.00196           0.00293           0.00126
           0.00204           0.00299           0.00130
           0.00219           0.00315           0.00139
           0.00241           0.00339           0.00151
           0.00270           0.00374           0.00168
           0.00311           0.00424           0.00193
           0.00469           0.00633           0.00290
 === combined ===
 Vsur =   120943304635.93144       h^-3 Mpc^3
 N(z)=   1997192625098346.3     
           0.00058           0.00088           0.00038
 *** Error on w, with  Om0, ob0, ok0 and  H0 marginalized over ***
 The Fisher Matrix = [   0.0000000       0.0000000       0.0000000       0.0000000       0.0000000       0.0000000       0.0000000     ;   0.0000000       253940.48752304699        55434.952699572270        50032.816465912183        367947.52667548921        1021077.9137637427        1980228.1808017010      ;   0.0000000       55434.952699572270        12709.824702482052        11636.241196601293        84371.894315707759        237474.31634539994        430985.37336954335      ;   0.0000000       50032.816465912183        11636.241196601293        10767.393965257319        77312.776706670338        219742.73973178799        391694.73256535822      ;   0.0000000       367947.52667548921        84371.894315707759        77312.776706670338        576805.18893580616        1577811.8107884889        2860984.0707984581      ;   0.0000000       1021077.9137637427        237474.31634539994        219742.73973178799        1577811.8107884889        4484545.8260965897        7993770.2614157908      ;   0.0000000       1980228.1808017010        430985.37336954335        391694.73256535822        2860984.0707984581        7993770.2614157908        15601169.706649255      ]
 Figure of Merit  =   126.23139314460003     
            Err[w] =  0.06909
           Err[wa] =  0.35864
         Err[wa_w] = -0.02348
      Err[ Omega_m]=      NaN
 Err[ Omega_b]=  3.08969778201845008E-004
     Err[Omega_m_w]=  0.00775
       Err[Omega_k]=      NaN
     Err[Omega_k_w]= -0.13150
          Err[H_0] =  0.00780
