           0.05546           0.08706           0.03643
           0.02017           0.03088           0.01312
           0.01264           0.01913           0.00819
           0.00965           0.01446           0.00623
           0.00777           0.01149           0.00499
           0.00691           0.01011           0.00441
           0.00985           0.01311           0.00605
           0.04753           0.05449           0.02728
 === combined ===
 Vsur =   7365149122.5898123       h^-3 Mpc^3
 N(z)=   1426697.5970179569     
           0.00383           0.00557           0.00244
 *** Error on w, with  Om0, ob0, ok0 and  H0 marginalized over ***
 The Fisher Matrix = [   0.0000000       0.0000000       0.0000000       0.0000000       0.0000000       0.0000000       0.0000000     ;   0.0000000       5249.6986626913713        782.72077478193569        665.53287628943906        6821.5690751545271        13582.303952962442        43228.122213177674      ;   0.0000000       782.72077478193569        122.18681832440932        102.22286058397968        1041.7782507663267        2086.1808828044936        6179.8349570268929      ;   0.0000000       665.53287628943906        102.22286058397968        86.037681356952561        878.27785114197002        1755.8710940224719        5344.7568437408645      ;   0.0000000       6821.5690751545271        1041.7782507663267        878.27785114197002        9003.9080718726364        17924.038247175973        54955.436372260163      ;   0.0000000       13582.303952962442        2086.1808828044936        1755.8710940224719        17924.038247175973        35834.104896813718        109076.67313311441      ;   0.0000000       43228.122213177674        6179.8349570268929        5344.7568437408645        54955.436372260163        109076.67313311441        373064.49049763050      ]
 Figure of Merit  =  0.55027608663591887     
            Err[w] =  0.29713
           Err[wa] =  6.39150
         Err[wa_w] =  0.55155
      Err[ Omega_m]=      NaN
 Err[ Omega_b]=  1.28886304160489326E-003
     Err[Omega_m_w]= -0.06943
       Err[Omega_k]=      NaN
     Err[Omega_k_w]=  1.56767
          Err[H_0] =  0.18773
