 === combined ===
 Vsur =   3682574561.2949061       h^-3 Mpc^3
 N(z)=   713348.79850897845     
 *** Error on w, with  Om0, ob0, ok0 and  H0 marginalized over ***
 The Fisher Matrix = [   0.0000000       0.0000000       0.0000000       0.0000000       0.0000000       0.0000000       0.0000000     ;   0.0000000       2624.8493313456856        391.36038739096784        332.76643814471953        3410.7845375772636        6791.1519764812210        21614.061106588837      ;   0.0000000       391.36038739096784        61.093409162204658        51.111430291989841        520.88912538316333        1043.0904414022468        3089.9174785134464      ;   0.0000000       332.76643814471953        51.111430291989841        43.018840678476280        439.13892557098501        877.93554701123594        2672.3784218704322      ;   0.0000000       3410.7845375772636        520.88912538316333        439.13892557098501        4501.9540359363182        8962.0191235879865        27477.718186130081      ;   0.0000000       6791.1519764812210        1043.0904414022468        877.93554701123594        8962.0191235879865        17917.052448406859        54538.336566557206      ;   0.0000000       21614.061106588837        3089.9174785134464        2672.3784218704322        27477.718186130081        54538.336566557206        186532.24524881525      ]
 Figure of Merit  =  0.27513804331795944     
            Err[w] =  0.42021
           Err[wa] =  9.03895
         Err[wa_w] =  1.10311
      Err[ Omega_m]=      NaN
 Err[ Omega_b]=  1.82272759347907850E-003
     Err[Omega_m_w]= -0.13886
       Err[Omega_k]=      NaN
     Err[Omega_k_w]=  3.13534
          Err[H_0] =  0.26549
