           0.00573           0.00929           0.00381
           0.00428           0.00684           0.00283
           0.00353           0.00547           0.00230
           0.00338           0.00496           0.00216
           0.00370           0.00498           0.00227
           0.00480           0.00585           0.00281
           0.00723           0.00807           0.00407
           0.01226           0.01283           0.00668
           0.02278           0.02311           0.01222
           0.04472           0.04508           0.02394
           0.09050           0.09217           0.04878
           0.18617           0.19334           0.10151
           0.38639           0.41091           0.21348
           0.80505           0.87794           0.45090
           1.67890           1.87759           0.95288
           3.50624           4.01873           2.01525
           8.23238           9.62342           4.77862
 === combined ===
 Vsur =   120943304635.93144       h^-3 Mpc^3
 N(z)=   89799463576956.734     
 *** Error on w, with  Om0, ob0, ok0 and  H0 marginalized over ***
 The Fisher Matrix = [   0.0000000       0.0000000       0.0000000       0.0000000       0.0000000       0.0000000       0.0000000     ;   0.0000000       34420.646599249427        5633.6818703381959        4736.0018930921442        46464.927344168223        96653.102386797604        273516.98044591973      ;   0.0000000       5633.6818703381959        976.25412079569173        810.74066467580690        7862.1752931548681        16545.728283248067        43040.495740130187      ;   0.0000000       4736.0018930921442        810.74066467580690        675.93640517613903        6562.7026915315128        13794.620874570275        36622.975214566184      ;   0.0000000       46464.927344168223        7862.1752931548681        6562.7026915315128        64244.123973731403        133932.71149318901        360799.08641866891      ;   0.0000000       96653.102386797604        16545.728283248067        13794.620874570275        133932.71149318901        281522.88235391461        747407.67698712286      ;   0.0000000       273516.98044591973        43040.495740130187        36622.975214566184        360799.08641866891        747407.67698712286        2251234.2920861468      ]
 Figure of Merit  =   6.3021216655456689     
            Err[w] =  0.13570
           Err[wa] =  1.67467
         Err[wa_w] = -0.16268
      Err[ Omega_m]=*********
 Err[ Omega_b]=  6.36910936288799393E-004
     Err[Omega_m_w]=  0.00078
       Err[Omega_k]=*********
     Err[Omega_k_w]=  0.17771
          Err[H_0] =  0.05930
