           0.00800           0.01212           0.00518
           0.00684           0.01059           0.00447
           0.00652           0.01004           0.00425
           0.00632           0.00968           0.00411
           0.00622           0.00944           0.00403
           0.00603           0.00905           0.00388
           0.00562           0.00830           0.00360
           0.00581           0.00843           0.00369
           0.00564           0.00794           0.00354
           0.00635           0.00861           0.00392
           0.00730           0.00935           0.00440
           0.00749           0.00946           0.00448
           0.01038           0.01234           0.00604
           0.01688           0.01885           0.00953
 === combined ===
 Vsur =   65906798077.965324       h^-3 Mpc^3
 N(z)=   60050027.160723098     
           0.00181           0.00258           0.00114
 *** Error on w, with  Om0, ob0, ok0 and  H0 marginalized over ***
 The Fisher Matrix = [   0.0000000       0.0000000       0.0000000       0.0000000       0.0000000       0.0000000       0.0000000     ;   0.0000000       27112.012031620732        6426.2357809760297        6036.5328226803595        40516.447687534797        123194.55062355423        214201.06306483154      ;   0.0000000       6426.2357809760297        1577.6066631568785        1509.1165463329328        10110.306335626652        30798.297669407082        51181.845318732332      ;   0.0000000       6036.5328226803595        1509.1165463329328        1465.6024328917933        9724.9473457614458        29910.254514730215        48581.197035777230      ;   0.0000000       40516.447687534797        10110.306335626652        9724.9473457614458        67068.970294243496        198468.31836935855        322733.11908473365      ;   0.0000000       123194.55062355423        30798.297669407082        29910.254514730215        198468.31836935855        610413.37340765027        991453.02665967634      ;   0.0000000       214201.06306483154        51181.845318732332        48581.197035777230        322733.11908473365        991453.02665967634        1705971.6533361569      ]
 Figure of Merit  =   5.6685995735382972     
            Err[w] =  0.44324
           Err[wa] =  1.79283
         Err[wa_w] = -0.77483
      Err[ Omega_m]=      NaN
 Err[ Omega_b]=  2.18291773702049795E-003
     Err[Omega_m_w]= -0.01753
       Err[Omega_k]=      NaN
     Err[Omega_k_w]=  0.95510
          Err[H_0] =  0.02566
