 === combined ===
 Vsur =   262790533433.32019       h^-3 Mpc^3
 N(z)=  2.06564603351410112E+017
 *** Error on w, with  Om0, ob0, ok0 and  H0 marginalized over ***
 The Fisher Matrix = [   0.0000000       0.0000000       0.0000000       0.0000000       0.0000000       0.0000000       0.0000000     ;   0.0000000       748813.58221713465        185492.19488377954        199954.87149931028        941756.30147863831        4080711.7699743230        6544763.9074556855      ;   0.0000000       185492.19488377954        47778.171603085088        53253.958622810576        248001.44817750840        1086815.5105217246        1659731.4944905220      ;   0.0000000       199954.87149931028        53253.958622810576        62393.705524159101        281969.29969458614        1273340.9623662319        1862690.6532310767      ;   0.0000000       941756.30147863831        248001.44817750840        281969.29969458614        1538901.2169616874        5754475.6544682849        8545356.7502650470      ;   0.0000000       4080711.7699743230        1086815.5105217246        1273340.9623662319        5754475.6544682849        25986550.931999870        38014095.958084397      ;   0.0000000       6544763.9074556855        1659731.4944905220        1862690.6532310767        8545356.7502650470        38014095.958084397        59015630.708925426      ]
 Figure of Merit  =   689.98131641838302     
            Err[w] =  0.04113
           Err[wa] =  0.14347
         Err[wa_w] = -0.00572
      Err[ Omega_m]=*********
 Err[ Omega_b]=  2.05019988950180235E-004
     Err[Omega_m_w]=  0.00024
       Err[Omega_k]=*********
     Err[Omega_k_w]= -0.00058
          Err[H_0] =  0.00207
